 -1 312   3  -1 313   6 312 312   9 312 312  12 312 312  15 312 312  18 312 312
 21 312 312  24 312 312  27 312 312  30 312 312  33 312 312  36 312 312  39 312
312  42 312 312  45 312 312  48 312 312  51 312 312  54 312 312  57 312 312  60
312 312  63 312 312  66 312 312  69 312 312  72 312 312  75 312 312  78 312 312
 81 312 312  84 312 312  87 312 312  90 312 312  93 312 312  96 312 312  99 312
312 102 312 312 105 312 312 108 312 312 111 312 312 114 312 312 117 312 312 120
312 312 123 312 312 126 312 312 129 312 312 132 312 312 135 312 312 138 312 312
141 312 312 144 312 312 147 313 313 150 313 313 153 313 313 156 313 313 159 313
313 162 313 313 165 313 313 168 313 313 171 313 313 174 313 313 177 313 313 180
313 313 183 313 313 186 313 313 189 313 313 192 313 313 195 313 313 198 313 313
201 313 313 204 313 313 207 313 313 210 313 313 213 313 313 216 313 313 219 313
313 222 313 313 225 313 313 228 313 313 231 313 313 234 313 313 237 313 313 240
313 313 243 313 313 246 313 313 249 313 313 252 313 313 255 313 313 258 313 313
261 313 313 264 313 313 267 313 313 270 313 313 273 313 313 276 313 313 279 313
313 282 313 313 285 313 313 288 312 312 306 313 313 300  -2 315   0   0   0 316
 -2 314   0   0   0 316  -2 314   0   0   0 316   0   0  48  49
