28325650315089581585704601967158802337148297456656873923792413338716469208244612
06036988503557140064918634581251277714282885539257049649201834602039228927488165
57217451334116919016224619111597870838527705767567096911942418046886054230900569
01351600848492864199105584970104744601831887475441986509458652402444753861565832
25745535440749871995451239597340147718913048515110148884113340525591290434143337
39350005411769973983046715842095946573800888392729342524210562947529644965064676
36227825221418463499555124150751949242045545761369422605111904229614826777685638
39192062598534212068997697389815513624968753596720366353563092536306318109350976
89440963919686162948481293124546843771912784029004447947692593837083451767295356
42745261669662572533188275725485594668677648617594454705919671821173502116794467
3890598605494303078140462409
