 -1 190   3 187 190   6 192
192   9 189 192  12 192 189
 15 192 192  18 190 192  21
192 189  24  -1 190  27 187
190  30 192 192  33 189 192
 36 192 189  39 192 192  42
190 192  45 192 189  48 183
189  87 183 183  54 184 189
 57 184 193  60 185 194  63
183 193  69 183 183  48 185
 90  72 192 192  75 188 192
 78 192 193  81 194 194  84
183 183  48 195 195  90 201
195  93 196 196  96 192 192
 99 194 192 102 192 196 105
185 196 108 197 197 111 198
198 114 183 195 144 183 183
120 184 195 123 183 195 138
183 183 129 184 195 132 185
197 135 183 183 114 185 198
141 183 183 144 184 196 147
183 196 168 183 183 153 195
195 156 192 192 159 197 192
162 192 195 165 183 183 108
192 192 171 198 192 174 192
199 177 199  -1 180 183 183
 -1   0   1  -1 -48  48   2
  0   0   0   0   2   0   0
  0   0   0  48  -1   0  -2
