  0   0  21  -2  15   0   0   0 343  -2  16   0   0   0 343  48  49   4   0   0
  0  -1  18   0  -1  19   0  18  18   0  18  18   0  18  18   0  18  18   0  18
 18   0  18  18   0  18  18   0  18  18   0  18  18   0  18  18   0  18  18   0
 18  18   0  18  18   0  18  18   0  18  18   0  18  18   0  18  18   0  18  18
  0  18  18   0  18  18   0  18  18   0  18  18   0  18  18   0  18  18   0  18
 18   0  18  18   0  18  18   0  18  18   0  18  18   0  18  18   0  18  18   0
 18  18   0  18  18   0  18  18   0  18  18   0  18  18   0  18  18   0  18  18
  0  18  18   0  18  18   0  18  18   0  18  18   0  18  18   0  18  18   0  18
 18   0  18  18   0  18  18   0  19  19   0  19  19   0  19  19   0  19  19   0
 19  19   0  19  19   0  19  19   0  19  19   0  19  19   0  19  19   0  19  19
  0  19  19   0  19  19   0  19  19   0  19  19   0  19  19   0  19  19   0  19
 19   0  19  19   0  19  19   0  19  19   0  19  19   0  19  19   0  19  19   0
 19  19   0  19  19   0  19  19   0  19  19   0  19  19   0  19  19   0  19  19
  0  19  19   0  19  19   0  19  19   0  19  19   0  19  19   0  19  19   0  19
 19   0  19  19   0  19  19   0  19  19   0  19  19   0  19  19   0  19  19   0
 19  19   0  19  19   0  19  19   0  18  18 318  17  17   0  17  17   0  19  19
324  17  17   0  17  17 333 334 334   0   0   0 324  -2 342   0   0   0   6  48
 48  48  49
